snowground
[0,-0.0251999,-29.6961]
[541.185,507.815,65.2533]
hill1
[150.65,269.118,76.4425]
[356.028,96.7032,249.561]
hill0
[270.822,159.852,58.6324]
[122.769,377.514,240.948]
hill
[-270.623,22.7151,15.9894]
[117.584,516.506,86.9447]
Box001
[-201.873,197.747,1.1924]
[8.56311,8.7616,3.6514]
hill002
[-155.711,252.575,13.2153]
[347.602,190.704,86.8469]
ladder001
[128.601,-50.6104,1.2889]
[8.50209,8.507,2.8222]
ladder002
[121.029,-28.6006,8.98385]
[8.5021,8.507,2.8221]
ladder003
[132.597,-8.4131,16.6755]
[8.50209,8.507,2.8222]
ladder004
[155.457,-4.0373,24.3397]
[8.50211,8.507,2.8222]
ladder005
[173.785,-18.3925,31.9711]
[8.50209,8.5069,2.8223]
ladder006
[174.549,-42.285,39.5859]
[8.502,8.5069,2.8223]
ladder007
[158.087,-57.7442,47.2155]
[8.50211,8.507,2.8222]
ladder008
[134.916,-55.5914,54.8757]
[8.50211,8.507,2.8223]
ladder009
[121.413,-36.6503,62.5653]
[8.5021,8.507,2.8222]
ladder010
[126.826,-14.0244,70.2613]
[8.5021,8.507,2.8222]
ladder011
[147.526,-3.38985,77.9363]
[8.50211,8.5069,2.8221]
ladder012
[169.187,-11.9579,85.5779]
[8.50211,8.5069,2.8222]
Egg08
[78.6455,24.0588,1.04065]
[3.15359,3.1535,4.1789]
Egg07
[-41.4049,138.097,1.50835]
[3.1537,3.1537,4.1789]
Egg06
[138.722,-150.149,1.80605]
[3.1537,3.1535,4.1789]
Egg05
[-98.9528,-166.873,1.16975]
[3.1537,3.1535,4.1789]
Scene002
[56.7758,-554.699,-1.43775]
[500.974,421.186,72.7893]
Rock301
[53.4459,200.972,13.6882]
[15.8809,16.234,31.2831]
Rock225
[70.1478,198.294,57.014]
[23.5522,41.9026,52.6061]
Rock4
[193.34,-100.781,1.49375]
[6.6711,3.7206,8.2573]
Rock300
[85.8907,201.402,13.6065]
[15.8809,16.234,31.283]
box
[-211.967,-178.322,18.1486]
[82.2401,91.0421,42.5165]
Egg04
[-210.014,186.616,1.45875]
[3.1537,3.15361,4.1789]
Egg03
[-201.671,197.787,4.63915]
[3.15359,3.15349,4.1789]
Egg02
[175.417,-41.4206,43.0784]
[3.15599,3.1539,4.1789]
Egg01
[44.25,-167.301,0.7063]
[3.1537,3.1535,4.1788]
Rock201
[69.6164,201.128,29.6405]
[31.0289,16.0632,8.105]
Rock226
[47.1589,-39.4704,3.80225]
[21.3985,21.8142,15.6425]
Rock224
[133.152,45.1405,18.6049]
[30.9653,59.1107,63.8902]
ladder013
[135.683,12.8804,70.3083]
[8.50211,8.507,2.8222]
ladder014
[134.742,26.468,62.6755]
[8.50211,8.507,2.8222]
Egg00
[143.255,41.5094,51.3184]
[3.1559,3.1538,4.1789]
Rock304
[-45.938,-102.765,7.049]
[19.9838,29.9029,15.6376]
Rock305
[-0.6979,-82.3035,10.2324]
[26.4628,19.8308,21.8822]
Rock303
[165.229,152.974,7.5132]
[19.9838,29.8651,15.631]
Rock302
[64.1116,-5.5607,10.1911]
[26.4628,19.8308,21.8822]
Rock101
[31.6456,98.1784,1.1513]
[4.5885,4.0418,3.8536]
Rock21
[4.4523,178.275,2.66275]
[10.8426,10.8348,7.0049]
Rock20
[37.3771,122.26,1.49855]
[12.2998,9.3605,4.8991]
Rock19
[47.4447,105.627,1.2446]
[5.1108,4.8889,4.7428]
Rock18
[55.7962,135.906,1.018]
[5.3799,4.7139,3.2412]
Rock17
[41.8433,107.449,0.624499]
[2.0974,2.2304,1.711]
Rock16
[-11.4287,175.202,2.05655]
[4.0486,4.1465,4.6503]
Rock15
[20.1544,144.941,3.4484]
[4.514,4.35341,3.728]
Rock14
[87.5712,77.1674,2.46805]
[11.7523,10.1635,7.5167]
Rock13
[93.0752,126.49,1.95555]
[9.855,8.11281,4.4175]
Rock12
[1.40435,196.468,1.18065]
[10.4817,10.6056,4.3861]
Rock11
[107.054,88.5858,1.02545]
[9.542,10.1098,6.4379]
Rock10
[-115.527,199.901,2.47415]
[9.542,10.1099,6.4379]
Rock09
[-74.0305,157.85,1.68925]
[4.0487,4.14661,4.6503]
Rock08
[88.0787,-84.2829,1.3804]
[10.4818,10.6057,4.386]
Rock07
[-50.6812,151.604,0.3958]
[2.0974,2.23039,1.7112]
Rock100
[-93.839,211.754,1.9161]
[4.5885,4.0417,3.8536]
Rock06
[-83.1565,179.473,1.2937]
[5.3799,4.71381,3.2412]
Rock04
[-65.0396,164.87,1.36665]
[4.514,4.35341,3.7279]
Rock03
[-98.012,176.412,0.7033]
[5.1108,4.8889,4.7428]
Rock02
[-22.9383,-123.625,1.7531]
[9.855,8.1128,4.4176]
Rock01
[-73.5637,-100.607,3.0208]
[10.8426,10.8348,7.005]
Rock00
[-15.855,-72.562,3.07465]
[11.7523,10.1635,7.5167]
Rock223
[-176.465,-118.652,2.406]
[13.444,13.098,5.7156]
Rock222
[-162.83,-115.958,2.4104]
[13.7455,12.6833,5.7156]
Rock221
[-194.966,-122.099,2.4157]
[25.0957,10.0741,8.2868]
Rock220
[-149.042,-115.14,2.41225]
[18.1181,17.0145,5.7157]
Rock219
[-149.814,-114.726,8.4509]
[25.1309,10.0112,8.2868]
Rock218
[-168.34,-118.02,7.2185]
[13.462,13.0856,5.7158]
Rock217
[-181.994,-120.594,7.15305]
[13.7431,12.6843,5.7157]
Rock216
[-195.79,-121.326,8.42325]
[18.1006,17.0787,5.7157]
Rock215
[-195.182,-120.863,14.8117]
[17.087,30.2932,8.105]
Rock214
[-181.283,-120.493,12.3766]
[10.6732,10.9911,5.5941]
Rock213
[-168.854,-119.179,13.7724]
[14.2081,15.0931,8.612]
Rock212
[-143.571,-113.491,13.8078]
[10.2947,11.3072,6.4207]
Rock211
[-155.719,-115.617,14.8377]
[10.67,11.2544,5.7552]
Rock210
[-106.012,-101.568,2.4507]
[25.063,10.1297,8.2868]
Rock209
[-124.488,-105.146,2.4285]
[13.4273,13.1173,5.7158]
Rock208
[-138.105,-107.951,2.42395]
[13.7469,12.6817,5.7157]
Rock207
[-132.612,-105.848,7.2408]
[13.4461,13.0954,5.7156]
Rock206
[-118.975,-103.168,7.184]
[13.7453,12.6835,5.7156]
Rock205
[-105.186,-102.362,8.45765]
[18.1162,17.0215,5.7157]
Rock204
[-105.795,-102.853,14.8461]
[17.0247,30.3472,8.1046]
Rock203
[-119.678,-103.315,12.4074]
[10.6749,11.0025,5.594]
Rock202
[-132.107,-104.716,13.7991]
[14.2003,15.0899,8.6118]
Rock05
[-42.3749,191.865,1.54875]
[12.2998,9.3605,4.8991]
Tree02
[76.299,-217.43,24.286]
[65.6836,51.2587,50.2302]
Tree03
[6.30685,-213.705,24.3154]
[65.6835,51.2587,50.2302]
Tree01
[28.1173,21.1422,54.5135]
[73.2914,59.6999,53.3566]
Tree00
[30.1267,17.1559,32.4601]
[58.6246,55.1124,67.3207]
igloo_group42_FBXASC231FBXASC144FBXASC131FBXASC228FBXASC189FBXASC147_1
[-193.517,192.721,36.5706]
[31.0191,31.0206,4.722]
igloo_group42_FBXASC231FBXASC174FBXASC161FBXASC233FBXASC129FBXASC147_1
[-193.634,192.526,5.2395]
[80.2449,79.6639,10.6074]
igloo_group42_FBXASC231FBXASC174FBXASC161FBXASC233FBXASC129FBXASC147_2
[-193.71,192.738,15.8288]
[73.8152,74.0292,10.3643]
igloo_group42_FBXASC231FBXASC174FBXASC161FBXASC233FBXASC129FBXASC147_3
[-193.87,192.703,25.9869]
[69.7564,69.5466,9.4956]
igloo_group42_FBXASC231FBXASC174FBXASC161FBXASC233FBXASC129FBXASC147_4
[-194.01,192.614,32.6494]
[52.1533,51.9777,8.4504]
FBXASC231FBXASC174FBXASC161FBXASC233FBXASC129FBXASC147_5_igloo_group42
[-192.113,153.948,7.4523]
[32.3145,21.1421,15.3958]
Wall26
[-45.9154,92.469,16.7944]
[4.9152,60.096,32.3302]
Wall25
[-78.189,122.669,16.8472]
[60.0589,5.26241,32.2373]
Wall24
[-136.885,121.725,16.8456]
[60.059,5.2624,32.2373]
Wall23
[-74.8476,35.0517,16.6943]
[60.0589,5.2624,32.2373]
Wall22
[-45.3782,35.1149,16.6943]
[4.9151,60.0959,32.3302]
Wall21
[-206.712,100.543,16.8085]
[27.3433,4.9164,32.2367]
Wall20
[-44.911,-7.8955,16.6193]
[4.616,27.336,32.2759]
Wall19
[-73.1539,-25.5184,16.5885]
[4.91521,60.096,32.3302]
Wall18
[-104.218,-52.8758,16.5408]
[60.0588,5.2626,32.2373]
Wall17
[-105.163,90.7206,16.7915]
[60.059,5.2623,32.2374]
Wall16
[-105.683,49.0393,16.7187]
[4.6161,27.3362,32.276]
Wall15
[-105.602,6.72705,16.6448]
[4.9152,60.0959,32.3302]
Wall14
[-120.75,-20.8731,16.5966]
[27.3433,4.9165,32.2367]
Wall13
[-163.347,-21.3004,16.596]
[60.0589,5.2624,32.2374]
Wall12
[-188.971,-53.4656,16.5399]
[60.0589,5.2624,32.2373]
Wall11
[-146.374,-53.0381,16.5404]
[27.3433,4.9165,32.2367]
Wall10
[-220.1,-25.8104,16.588]
[4.91519,60.096,32.3302]
Wall09
[-220.732,33.3586,16.6913]
[4.91519,60.096,32.3302]
Wall08
[-221.577,92.291,16.7941]
[4.91519,60.0959,32.3302]
Wall07
[-188.855,7.6877,16.6465]
[60.0588,5.2624,32.2373]
Wall06
[-157.543,20.2236,16.6684]
[4.616,27.3361,32.276]
Wall05
[-163.164,36.0474,16.6961]
[60.0589,5.2624,32.2373]
Wall04
[-136.107,63.4402,16.7438]
[4.91521,60.0958,32.3302]
Wall03
[-167.226,93.5479,16.7963]
[4.9151,60.0959,32.3302]
Wall02
[-58.4111,-52.8376,16.5408]
[27.3432,4.9165,32.2367]
Wall01
[-181.082,67.1423,16.7502]
[27.3432,4.9165,32.2367]
Wall00
[-77.2609,76.1517,16.766]
[4.616,27.336,32.276]
head001
[-211.305,-180.082,5.54585]
[4.13319,4.1331,4.1417]
Cone003
[-212.114,-179.134,7.29795]
[1.7594,1.7572,1.7459]
Torus002
[-211.305,-180.08,4.0897]
[3.5401,3.5401,0.413399]
eye003
[-210.299,-178.266,6.1861]
[0.4189,0.4189,0.4272]
eye002
[-209.373,-179.321,6.1836]
[0.4189,0.4189,0.427197]
nose001
[-209.685,-178.668,5.5952]
[0.515411,0.489395,0.4272]
body001
[-211.305,-180.076,1.6709]
[5.6843,5.6843,5.6962]
Cylinder003
[41.7564,-230.934,-0.72595]
[28.417,1.55939,1.2965]
Cylinder004
[41.7598,-232.461,-0.728551]
[28.417,1.5594,1.2965]
Cylinder005
[41.7633,-233.989,-0.731251]
[28.4171,1.5594,1.2965]
Cylinder006
[41.7667,-235.516,-0.733951]
[28.417,1.5594,1.2965]
Cylinder007
[41.7701,-237.044,-0.73655]
[28.4171,1.5594,1.2965]
Cylinder008
[41.7736,-238.572,-0.739251]
[28.4171,1.55939,1.2965]
Cylinder009
[41.777,-240.099,-0.74195]
[28.417,1.5594,1.2965]
Cylinder010
[41.7804,-241.627,-0.744551]
[28.4171,1.5594,1.2965]
Cylinder011
[41.7839,-243.155,-0.747251]
[28.417,1.5594,1.2965]
Cylinder012
[41.7873,-244.682,-0.74995]
[28.417,1.5594,1.2965]
Cylinder013
[41.7907,-246.21,-0.752551]
[28.4171,1.5594,1.2965]
Cylinder014
[41.7942,-247.737,-0.755251]
[28.417,1.5594,1.2965]
Cylinder015
[41.7976,-249.265,-0.757951]
[28.417,1.5594,1.2965]
Cylinder016
[41.8011,-250.792,-0.76055]
[28.4171,1.5594,1.2965]
Cylinder017
[41.8045,-252.32,-0.76325]
[28.417,1.5594,1.2965]
Cylinder018
[41.8079,-253.848,-0.76595]
[28.4171,1.5594,1.2965]
Cylinder019
[41.8114,-255.375,-0.768551]
[28.4171,1.5594,1.2965]
Cylinder020
[41.8148,-256.903,-0.771251]
[28.417,1.55939,1.2965]
Cylinder021
[41.8182,-258.43,-0.773951]
[28.4171,1.55933,1.2965]
Cylinder022
[41.8217,-259.958,-0.77655]
[28.417,1.55939,1.2965]
Cylinder023
[41.8251,-261.486,-0.77925]
[28.417,1.55933,1.2965]
Cylinder024
[41.8286,-263.013,-0.7819]
[28.4171,1.55939,1.2966]
Cylinder025
[41.832,-264.541,-0.784551]
[28.417,1.5593,1.2965]
Cylinder026
[41.8354,-266.068,-0.787251]
[28.4171,1.55942,1.2965]
Cylinder027
[41.8389,-267.596,-0.789901]
[28.4171,1.55939,1.2966]
Cylinder028
[41.8423,-269.124,-0.79255]
[28.417,1.55942,1.2965]
Cylinder029
[41.8457,-270.651,-0.795251]
[28.4171,1.55939,1.2965]
Cylinder030
[41.8492,-272.179,-0.797901]
[28.417,1.55948,1.2966]
Cylinder031
[41.8526,-273.706,-0.80055]
[28.417,1.55933,1.2965]
Cylinder032
[41.856,-275.234,-0.80325]
[28.4171,1.55948,1.2965]
Cylinder033
[41.8595,-276.762,-0.805901]
[28.417,1.55933,1.2966]
Cylinder034
[41.8629,-278.289,-0.808551]
[28.417,1.55939,1.2965]
Cylinder035
[41.8664,-279.817,-0.811251]
[28.4171,1.55939,1.2965]
Cylinder036
[41.8698,-281.344,-0.8139]
[28.417,1.55942,1.2966]
Cylinder037
[41.8732,-282.872,-0.81655]
[28.4171,1.55939,1.2965]
Cylinder038
[41.8767,-284.4,-0.819251]
[28.4171,1.55942,1.2965]
Cylinder039
[41.8801,-285.927,-0.821901]
[28.417,1.55939,1.2966]
Cylinder040
[41.8835,-287.455,-0.824551]
[28.4171,1.55939,1.2965]
Cylinder041
[41.887,-288.982,-0.82725]
[28.417,1.5593,1.2965]
Cylinder042
[41.8904,-290.51,-0.829901]
[28.417,1.55951,1.2966]
Cylinder043
[41.8939,-292.038,-0.832551]
[28.4171,1.55942,1.2965]
Cylinder044
[41.8973,-293.565,-0.835251]
[28.417,1.55939,1.2965]
Cylinder045
[41.9007,-295.093,-0.8379]
[28.4171,1.55948,1.2966]
Cylinder046
[41.9042,-296.62,-0.84055]
[28.4171,1.5593,1.2965]
Cylinder047
[41.9076,-298.148,-0.84325]
[28.417,1.55951,1.2965]
Cylinder048
[41.911,-299.676,-0.845901]
[28.4171,1.55951,1.2966]
Cylinder049
[41.9145,-301.203,-0.848551]
[28.417,1.55942,1.2965]
Cylinder050
[41.9179,-302.731,-0.851251]
[28.417,1.5593,1.2965]
Cylinder051
[41.9213,-304.258,-0.85385]
[28.4171,1.5593,1.2965]
Cylinder052
[41.9248,-305.786,-0.856551]
[28.417,1.5593,1.2965]
Cylinder053
[41.9282,-307.314,-0.85925]
[28.417,1.55939,1.2965]
Cylinder054
[41.9317,-308.841,-0.8619]
[28.4171,1.55948,1.2966]
Cylinder055
[41.9351,-310.369,-0.864551]
[28.417,1.55939,1.2965]
Cylinder056
[41.9385,-311.896,-0.86725]
[28.4171,1.55942,1.2965]
Cylinder057
[41.942,-313.424,-0.869851]
[28.4171,1.55939,1.2965]
Cylinder058
[41.9454,-314.952,-0.872551]
[28.417,1.55942,1.2965]
Cylinder059
[41.9488,-316.479,-0.875251]
[28.4171,1.55942,1.2965]
Cylinder060
[41.9523,-318.007,-0.877851]
[28.417,1.55939,1.2965]
Cylinder061
[41.9557,-319.534,-0.88055]
[28.417,1.5593,1.2965]
Cylinder062
[41.9592,-321.062,-0.88325]
[28.4171,1.55948,1.2965]
Cylinder063
[41.9626,-322.59,-0.885851]
[28.417,1.5593,1.2965]
Cylinder064
[41.966,-324.117,-0.888551]
[28.417,1.55951,1.2965]
Cylinder065
[41.9695,-325.645,-0.891251]
[28.4171,1.55939,1.2965]
Cylinder066
[41.9729,-327.172,-0.89385]
[28.417,1.55942,1.2965]
Cylinder067
[41.9763,-328.7,-0.89655]
[28.4171,1.55939,1.2965]
Cylinder068
[41.9798,-330.228,-0.899251]
[28.417,1.55939,1.2965]
Cylinder069
[41.9832,-331.755,-0.901851]
[28.417,1.55942,1.2965]
Cylinder070
[41.9866,-333.283,-0.904551]
[28.4171,1.55939,1.2965]
Cylinder071
[41.9901,-334.81,-0.90725]
[28.417,1.5593,1.2965]
Cylinder072
[41.9935,-336.338,-0.90985]
[28.417,1.5593,1.2965]
Cylinder073
[41.997,-337.866,-0.912551]
[28.4171,1.55939,1.2965]
Cylinder074
[42.0004,-339.393,-0.915251]
[28.417,1.5593,1.2965]
Cylinder075
[42.0038,-340.921,-0.91785]
[28.4171,1.55939,1.2965]
Cylinder076
[42.0073,-342.449,-0.92055]
[28.4171,1.55939,1.2965]
Cylinder077
[42.0107,-343.976,-0.923251]
[28.417,1.5593,1.2965]
Cylinder078
[42.0141,-345.504,-0.925851]
[28.4171,1.55942,1.2965]
Cylinder079
[42.0176,-347.031,-0.928551]
[28.417,1.55933,1.2965]
Cylinder080
[42.021,-348.559,-0.931251]
[28.417,1.55942,1.2965]
Cylinder081
[42.0245,-350.087,-0.93385]
[28.4171,1.55942,1.2965]
Cylinder082
[42.0279,-351.614,-0.936551]
[28.417,1.55939,1.2965]
Cylinder083
[42.0313,-353.142,-0.939251]
[28.417,1.5593,1.2965]
Cylinder084
[42.0348,-354.669,-0.941851]
[28.4171,1.55942,1.2965]
Cylinder085
[42.0382,-356.197,-0.944551]
[28.417,1.55939,1.2965]
Cylinder086
[42.0416,-357.724,-0.94725]
[28.4171,1.55942,1.2965]
Cylinder087
[42.0451,-359.252,-0.949851]
[28.4171,1.55939,1.2965]
Cylinder088
[42.0485,-360.78,-0.952551]
[28.417,1.55942,1.2965]
Cylinder089
[42.0519,-362.307,-0.9552]
[28.4171,1.55939,1.2966]
Cylinder090
[42.0554,-363.835,-0.95785]
[28.417,1.55939,1.2965]
Cylinder091
[42.0588,-365.363,-0.96055]
[28.417,1.55942,1.2965]
Cylinder092
[42.0623,-366.89,-0.96325]
[28.4171,1.5593,1.2965]
Cylinder093
[42.0657,-368.418,-0.965851]
[28.417,1.5593,1.2965]
Cylinder094
[42.0691,-369.945,-0.968551]
[28.4171,1.5593,1.2965]
Cylinder095
[42.0726,-371.473,-0.971201]
[28.4171,1.55939,1.2966]
Cylinder096
[42.076,-373.001,-0.97385]
[28.417,1.55933,1.2965]
Cylinder097
[42.0794,-374.528,-0.97655]
[28.4171,1.55939,1.2965]
Cylinder098
[42.0829,-376.056,-0.9792]
[28.417,1.55942,1.2966]
Cylinder099
[42.0863,-377.583,-0.981851]
[28.417,1.5593,1.2965]
Cylinder100
[42.0898,-379.111,-0.98455]
[28.4171,1.5593,1.2965]
Cylinder101
[42.0932,-380.639,-0.987201]
[28.417,1.55933,1.2966]
Cylinder102
[42.0966,-382.166,-0.98985]
[28.417,1.55939,1.2965]
Cylinder103
[42.1001,-383.694,-0.992551]
[28.4171,1.55942,1.2965]
Cylinder106
[55.9737,-231.583,-9.8903]
[1.2968,1.5372,23.93]
Cylinder107
[27.5418,-231.647,-9.8904]
[1.2968,1.53729,23.93]
Cylinder108
[27.5796,-248.456,-9.91975]
[1.2968,1.53711,23.9299]
Cylinder109
[56.0115,-248.392,-9.91965]
[1.2968,1.53731,23.9299]
Cylinder110
[27.6174,-265.265,-9.9491]
[1.2968,1.53732,23.93]
Cylinder111
[56.0493,-265.201,-9.949]
[1.2968,1.53732,23.93]
Cylinder112
[27.6552,-282.074,-9.97845]
[1.2968,1.53729,23.9299]
Cylinder113
[56.0871,-282.01,-9.9783]
[1.2968,1.5372,23.93]
Cylinder114
[27.6931,-298.883,-10.0078]
[1.2967,1.53711,23.93]
Cylinder115
[56.1249,-298.819,-10.0077]
[1.2968,1.5372,23.9299]
Cylinder116
[27.7309,-315.692,-10.0371]
[1.2968,1.53729,23.93]
Cylinder117
[56.1628,-315.628,-10.037]
[1.2967,1.5372,23.93]
Cylinder118
[27.7687,-332.5,-10.0665]
[1.2968,1.5372,23.9299]
Cylinder119
[56.2006,-332.437,-10.0663]
[1.2968,1.53711,23.9299]
Cylinder120
[27.8065,-349.31,-10.0958]
[1.2968,1.5372,23.93]
Cylinder121
[56.2384,-349.245,-10.0957]
[1.2968,1.5372,23.93]
Cylinder122
[27.8443,-366.118,-10.1251]
[1.2968,1.5372,23.93]
Cylinder123
[56.2762,-366.054,-10.125]
[1.2968,1.53729,23.93]
Cylinder124
[27.8821,-382.927,-10.1545]
[1.2968,1.5372,23.9299]
Cylinder125
[56.314,-382.863,-10.1544]
[1.2968,1.5372,23.9299]
Cylinder126
[27.6003,-239.581,-0.741]
[0.635099,16.4515,0.546801]
Cylinder127
[56.0322,-239.517,-0.740901]
[0.635201,16.4515,0.546801]
Cylinder128
[27.5974,-256.39,-0.77035]
[0.635201,16.4516,0.5469]
Cylinder129
[56.0701,-256.326,-0.770201]
[0.635201,16.4516,0.546799]
Cylinder130
[27.6352,-273.199,-0.799701]
[0.635201,16.4515,0.546801]
Cylinder131
[56.1079,-273.135,-0.799601]
[0.635201,16.4516,0.546799]
Cylinder132
[27.673,-290.008,-0.829]
[0.635101,16.4516,0.546799]
Cylinder133
[56.1457,-289.944,-0.8289]
[0.635201,16.4516,0.546801]
Cylinder134
[27.7109,-306.817,-0.8584]
[0.635201,16.4517,0.546799]
Cylinder135
[56.1835,-306.753,-0.858251]
[0.635201,16.4516,0.5469]
Cylinder136
[27.7487,-323.626,-0.8877]
[0.635199,16.4516,0.546801]
Cylinder137
[56.2213,-323.562,-0.887601]
[0.635197,16.4516,0.546801]
Cylinder138
[27.7865,-340.435,-0.917001]
[0.635199,16.4516,0.546801]
Cylinder139
[56.2591,-340.371,-0.916901]
[0.635197,16.4516,0.546799]
Cylinder140
[27.8243,-357.243,-0.946401]
[0.635199,16.4516,0.546801]
Cylinder141
[56.297,-357.18,-0.946301]
[0.635098,16.4516,0.546799]
Cylinder142
[27.8621,-374.052,-0.9757]
[0.635201,16.4516,0.546799]
Cylinder143
[56.294,-373.988,-0.9756]
[0.635201,16.4516,0.546801]
Cylinder144
[27.6003,-239.583,0.2147]
[0.635099,16.4516,0.546801]
Cylinder145
[56.0322,-239.519,0.214799]
[0.635201,16.4516,0.546801]
Cylinder146
[56.0701,-256.328,0.185499]
[0.635201,16.4516,0.546799]
Cylinder147
[56.1079,-273.137,0.156099]
[0.635201,16.4516,0.546799]
Cylinder148
[56.1457,-289.945,0.1268]
[0.635201,16.4516,0.546801]
Cylinder149
[56.1835,-306.754,0.0974493]
[0.635201,16.4516,0.5469]
Cylinder150
[56.2213,-323.563,0.068099]
[0.635197,16.4515,0.546801]
Cylinder151
[56.2591,-340.372,0.0387993]
[0.635197,16.4516,0.546799]
Cylinder152
[56.297,-357.181,0.00939941]
[0.635098,16.4516,0.546799]
Cylinder153
[56.294,-373.99,-0.0199003]
[0.635201,16.4516,0.546801]
Cylinder154
[27.8621,-374.054,-0.0200005]
[0.635201,16.4516,0.546799]
Cylinder155
[27.8243,-357.245,0.00929928]
[0.635199,16.4516,0.546801]
Cylinder156
[27.7865,-340.436,0.0386992]
[0.635199,16.4516,0.546801]
Cylinder157
[27.7487,-323.627,0.0679998]
[0.635199,16.4515,0.546801]
Cylinder158
[27.7109,-306.819,0.0972996]
[0.635201,16.4516,0.546799]
Cylinder159
[27.673,-290.01,0.126699]
[0.635101,16.4516,0.546799]
Cylinder160
[27.6352,-273.201,0.155999]
[0.635201,16.4515,0.546801]
Cylinder161
[27.5974,-256.392,0.185349]
[0.635201,16.4517,0.5469]
Cylinder162
[27.6003,-239.585,1.1704]
[0.635099,16.4516,0.546801]
Cylinder163
[56.0322,-239.521,1.1705]
[0.635201,16.4516,0.546801]
Cylinder164
[56.0701,-256.329,1.1412]
[0.635201,16.4516,0.546799]
Cylinder165
[56.1079,-273.138,1.1118]
[0.635201,16.4515,0.546799]
Cylinder166
[56.1457,-289.947,1.0825]
[0.635201,16.4515,0.546801]
Cylinder167
[56.1835,-306.756,1.05315]
[0.635201,16.4516,0.5469]
Cylinder168
[56.2213,-323.565,1.0238]
[0.635197,16.4516,0.546801]
Cylinder169
[56.2591,-340.374,0.994499]
[0.635197,16.4516,0.546799]
Cylinder170
[56.297,-357.183,0.965099]
[0.635098,16.4515,0.546799]
Cylinder171
[56.294,-373.992,0.9358]
[0.635201,16.4515,0.546801]
Cylinder172
[27.8621,-374.056,0.935699]
[0.635201,16.4515,0.546799]
Cylinder173
[27.8243,-357.247,0.964999]
[0.635199,16.4516,0.546801]
Cylinder174
[27.7865,-340.438,0.994399]
[0.635199,16.4516,0.546801]
Cylinder175
[27.7487,-323.629,1.0237]
[0.635199,16.4516,0.546801]
Cylinder176
[27.7109,-306.82,1.053]
[0.635201,16.4516,0.546799]
Cylinder177
[27.673,-290.011,1.0824]
[0.635101,16.4516,0.546799]
Cylinder178
[27.6352,-273.202,1.1117]
[0.635201,16.4515,0.546801]
Cylinder179
[27.5974,-256.393,1.14105]
[0.635201,16.4516,0.5469]
Cylinder180
[33.379,-231.632,-11.1942]
[12.413,0.607498,20.9813]
Cylinder181
[50.1281,-231.594,-11.1941]
[12.413,0.661301,20.9812]
Cylinder182
[41.7593,-231.617,-8.7435]
[14.1089,0.480392,0.389]
Cylinder183
[33.4168,-248.441,-11.2235]
[12.413,0.607498,20.9812]
Cylinder184
[41.7971,-248.426,-8.77285]
[14.1089,0.480408,0.388901]
Cylinder185
[50.1659,-248.403,-11.2234]
[12.413,0.661301,20.9812]
Cylinder186
[33.4546,-265.249,-11.2528]
[12.413,0.607513,20.9812]
Cylinder187
[41.8349,-265.235,-8.8022]
[14.1089,0.480316,0.389]
Cylinder188
[50.2038,-265.212,-11.2528]
[12.4129,0.661194,20.9811]
Cylinder189
[33.4924,-282.058,-11.2822]
[12.4129,0.607483,20.9813]
Cylinder190
[41.8728,-282.044,-8.83155]
[14.1088,0.480408,0.388901]
Cylinder191
[50.2416,-282.021,-11.2821]
[12.4129,0.661285,20.9812]
Cylinder192
[33.5303,-298.867,-11.3115]
[12.4129,0.607391,20.9812]
Cylinder193
[41.9107,-298.853,-8.86085]
[14.1089,0.480408,0.388899]
Cylinder194
[50.2794,-298.83,-11.3115]
[12.413,0.661407,20.9811]
Cylinder195
[33.5681,-315.676,-11.3409]
[12.4129,0.607513,20.9813]
Cylinder196
[41.9484,-315.661,-8.8902]
[14.1089,0.480408,0.389002]
Cylinder197
[50.3172,-315.639,-11.3408]
[12.413,0.661316,20.9811]
Cylinder198
[33.6059,-332.485,-11.3702]
[12.413,0.607483,20.9812]
Cylinder199
[41.9863,-332.471,-8.91955]
[14.1089,0.480499,0.388899]
Cylinder200
[50.355,-332.447,-11.3701]
[12.413,0.661316,20.9812]
Cylinder201
[33.6437,-349.294,-11.3995]
[12.413,0.607391,20.9812]
Cylinder202
[42.024,-349.279,-8.9489]
[14.1089,0.480408,0.389]
Cylinder203
[50.3928,-349.256,-11.3995]
[12.413,0.661316,20.9811]
Cylinder204
[33.6815,-366.103,-11.4289]
[12.413,0.607391,20.9813]
Cylinder205
[42.0619,-366.088,-8.9782]
[14.1089,0.480377,0.389]
Cylinder206
[50.4306,-366.065,-11.4288]
[12.4129,0.661224,20.9812]
Cylinder207
[33.7193,-382.912,-11.4582]
[12.413,0.607513,20.9812]
Cylinder208
[42.0997,-382.897,-9.00755]
[14.1088,0.480499,0.388899]
Cylinder209
[50.4685,-382.874,-11.4581]
[12.4129,0.661316,20.9812]
Rock200
[124.982,31.0308,41.8091]
[17.0247,30.3472,17.8887]
Wall100
[26.8991,16.4059,11.0943]
[23.1077,21.926,22.1886]
Wall101
[29.4259,18.0262,47.1886]
[61.1828,57.5066,50]
Wall102
[9.49251,-213.538,4.75]
[10,10.7,9.5]
Wall103
[-8.82127,-213.538,16.1315]
[46.6276,28.424,12.5049]
Wall104
[24.5923,-213.538,23.3414]
[19.5816,28.424,12.5049]
Wall105
[80.0259,-215.907,4.75]
[10,10.7,9.5]
Wall106
[61.7122,-215.907,16.1315]
[46.6276,28.424,12.5049]
Wall107
[95.1257,-215.907,23.3414]
[19.5816,28.424,12.5049]
Wall108
[-186.062,-208.382,9.41934]
[33.4932,31.2965,18.8387]
Wall109
[-205.56,-209.236,4.40451]
[4.68411,11.1724,8.80902]
Wall110
[-216.108,-192.964,14.4928]
[17.2516,17.7216,9.88329]
Wall111
[-239.292,-178.082,11.1724]
[26.7664,26,22.3448]
Wall112
[-241.096,-161.968,6.87533]
[6.97733,6.44562,13.7507]
Wall113
[-228.227,-155.845,14.3392]
[17.1883,17.8329,6.66048]
Wall114
[-221.997,-142.524,10.313]
[16.9993,11.5914,20.626]
Wall115
[-118.556,-233.018,24.9157]
[290.108,6.077,49.8313]
Wall116
[153.265,-233.018,24.9157]
[192.287,6.077,49.8313]
Wall117
[219.905,-15.0692,47.8265]
[6.18781,475.448,95.6531]
Wall118
[-8.14827,224.474,41.252]
[470.896,8.59418,82.504]
Wall119
[-242.318,-20.2256,44.6897]
[7.07544,457.21,89.3793]
Wall120
[25.1971,-311.247,22.4849]
[3.64619,157.869,44.9697]
Wall121
[59.3656,-311.247,22.4849]
[3.64619,157.869,44.9697]
Wall122
[-201.515,153.336,5.0555]
[6.94876,19.0325,10.111]
Wall123
[-181.208,152.742,4.16335]
[7.13718,16.0587,8.32671]
Wall124
[-191.572,151.998,11.25966]
[32.1173,14.5717,4.46074]
Wall125
[-226.878,192.145,15.0178]
[15.0071,35.3885,30.0356]
Wall126
[-160.506,192.145,15.0178]
[15.0071,35.3885,30.0356]
Wall127
[-192.679,223.128,15.153]
[70.4797,10.4084,30.306]
Wall128
[-219.743,213.735,15.1402]
[11.7758,7.69809,30.2805]
Wall129
[-169.022,213.945,15.1402]
[11.7758,7.69809,30.2805]
Wall130
[-220.287,170.657,14.6145]
[13.6683,7.14957,29.2291]
Wall131
[-167.145,170.657,14.6145]
[13.6683,7.14957,29.2291]
Wall132
[-212.927,162.456,14.8248]
[12.4066,7.57013,29.6496]
Wall133
[-173.605,162.456,14.8248]
[12.4066,7.57013,29.6496]
